// example

ARG="4 67 3 87 23"; ./push_swap $ARG | wc -l
6

// example

ARG="4 67 3 87 23"; ./push_swap $ARG | ./checker_mac $ARG
OK


liste 100 nombres aléatoire : 


-3413965 -1499890 -4123774 -983978 444323 284659 -532358 -3159526 -3559377 -1403324 400131 -2226129 236998 664858 -3411693 -3619214 -5427230 -3013198 -2186607 -3965694 -5106484 -2452580 -539189 -3288048 -4781071 -4486992 -1527593 -5290156 -4284910 -4301708 -4078359 -4370570 -4810416 335637 275674 -4341912 -459964 -1983639 -727150 -763901 443975 -1452816 -3356748 -1742329 -3854666 -3005232 -1627005 -1834185 -532371 -3880852 -1424521 -4097471 -3746561 -1359107 157407 -555227 454833 226045 -3145999 -5071447 -3987179 -3096086 -3046369 -5352127 -272796 -4358900 -270458 -3289831 -1190042 372181 -2346320 -3069687 490808 -4178349 -4884793 -623319 -1256112 -3041341 -1446288 -48530 -595905 -2291598 -3411163 -5018955 -2534503 -148334 -560189 -2824781 -3215954 -891897 -199555 -3884628 -814134 -244921 -3894743 -3391843 -2655541 -627782 -1829590 -728774
-3413965 -1499890 -4123774 -983978 444323 284659 -532358 -3159526 -3559377 -1403324